,0_Model_ID,0_train,0_train_task,0_ablation,0_exp_dir,0_model,0_seed,0_dataset,1_task,2_val_acc,2_best_epoch,2_used_last_model,3_backbone,3_batch_size,3_lr,3_l0_init,3_l0_stages,2_test_L0,2_test_acc,2_test_loss
0,1.0,1.0,105,,/gpfs/data/epavlick/mlepori/projects/Compositional_Subnetworks/Models/resnet50/Contact_Inside_Experiments/RN50_model2_T105_-0.01_2stage,CNN,1.0,CVRTDataModule,105,0.9940000176429749,30.0,1.0,L0resnet50,64.0,0.01,-0.01,"['stage_3', 'stage_4']",,,
1,1.0,0.0,105,zero,/gpfs/data/epavlick/mlepori/projects/Compositional_Subnetworks/Models/resnet50/Contact_Inside_Experiments/RN50_model2_T105_-0.01_2stage,CNN,1.0,CVRTDataModule,103,,,,L0resnet50,64.0,0.01,-0.01,"['stage_3', 'stage_4']",25888908.0,0.2421875,
2,1.0,0.0,105,random,/gpfs/data/epavlick/mlepori/projects/Compositional_Subnetworks/Models/resnet50/Contact_Inside_Experiments/RN50_model2_T105_-0.01_2stage,CNN,1.0,CVRTDataModule,103,,,,L0resnet50,64.0,0.01,-0.01,"['stage_3', 'stage_4']",25888908.0,0.2603515684604645,
3,1.0,0.0,105,,/gpfs/data/epavlick/mlepori/projects/Compositional_Subnetworks/Models/resnet50/Contact_Inside_Experiments/RN50_model2_T105_-0.01_2stage,CNN,1.0,CVRTDataModule,103,,,,L0resnet50,64.0,0.01,-0.01,"['stage_3', 'stage_4']",587639.0,0.7503906488418579,0.5876297950744629
4,1.0,0.0,105,zero,/gpfs/data/epavlick/mlepori/projects/Compositional_Subnetworks/Models/resnet50/Contact_Inside_Experiments/RN50_model2_T105_-0.01_2stage,CNN,1.0,CVRTDataModule,104,,,,L0resnet50,64.0,0.01,-0.01,"['stage_3', 'stage_4']",25888908.0,0.2421875,
5,1.0,0.0,105,random,/gpfs/data/epavlick/mlepori/projects/Compositional_Subnetworks/Models/resnet50/Contact_Inside_Experiments/RN50_model2_T105_-0.01_2stage,CNN,1.0,CVRTDataModule,104,,,,L0resnet50,64.0,0.01,-0.01,"['stage_3', 'stage_4']",25888908.0,0.2603515684604645,
6,1.0,0.0,105,,/gpfs/data/epavlick/mlepori/projects/Compositional_Subnetworks/Models/resnet50/Contact_Inside_Experiments/RN50_model2_T105_-0.01_2stage,CNN,1.0,CVRTDataModule,104,,,,L0resnet50,64.0,0.01,-0.01,"['stage_3', 'stage_4']",587639.0,0.2998046875,1.9858342409133911
7,1.0,0.0,105,zero,/gpfs/data/epavlick/mlepori/projects/Compositional_Subnetworks/Models/resnet50/Contact_Inside_Experiments/RN50_model2_T105_-0.01_2stage,CNN,1.0,CVRTDataModule,105,,,,L0resnet50,64.0,0.01,-0.01,"['stage_3', 'stage_4']",25888908.0,0.2421875,
8,1.0,0.0,105,random,/gpfs/data/epavlick/mlepori/projects/Compositional_Subnetworks/Models/resnet50/Contact_Inside_Experiments/RN50_model2_T105_-0.01_2stage,CNN,1.0,CVRTDataModule,105,,,,L0resnet50,64.0,0.01,-0.01,"['stage_3', 'stage_4']",25888908.0,0.2603515684604645,
9,1.0,0.0,105,,/gpfs/data/epavlick/mlepori/projects/Compositional_Subnetworks/Models/resnet50/Contact_Inside_Experiments/RN50_model2_T105_-0.01_2stage,CNN,1.0,CVRTDataModule,105,,,,L0resnet50,64.0,0.01,-0.01,"['stage_3', 'stage_4']",587639.0,0.9921875,0.16932258009910583
10,1.0,0.0,105,zero,/gpfs/data/epavlick/mlepori/projects/Compositional_Subnetworks/Models/resnet50/Contact_Inside_Experiments/RN50_model2_T105_-0.01_2stage,CNN,1.0,CVRTDataModule,108,,,,L0resnet50,64.0,0.01,-0.01,"['stage_3', 'stage_4']",25888908.0,0.2421875,
11,1.0,0.0,105,random,/gpfs/data/epavlick/mlepori/projects/Compositional_Subnetworks/Models/resnet50/Contact_Inside_Experiments/RN50_model2_T105_-0.01_2stage,CNN,1.0,CVRTDataModule,108,,,,L0resnet50,64.0,0.01,-0.01,"['stage_3', 'stage_4']",25888908.0,0.2603515684604645,
12,1.0,0.0,105,,/gpfs/data/epavlick/mlepori/projects/Compositional_Subnetworks/Models/resnet50/Contact_Inside_Experiments/RN50_model2_T105_-0.01_2stage,CNN,1.0,CVRTDataModule,108,,,,L0resnet50,64.0,0.01,-0.01,"['stage_3', 'stage_4']",587639.0,0.2632812559604645,1.419290542602539
13,1.0,0.0,105,zero,/gpfs/data/epavlick/mlepori/projects/Compositional_Subnetworks/Models/resnet50/Contact_Inside_Experiments/RN50_model2_T105_-0.01_2stage,CNN,1.0,CVRTDataModule,109,,,,L0resnet50,64.0,0.01,-0.01,"['stage_3', 'stage_4']",25888908.0,0.2421875,
14,1.0,0.0,105,random,/gpfs/data/epavlick/mlepori/projects/Compositional_Subnetworks/Models/resnet50/Contact_Inside_Experiments/RN50_model2_T105_-0.01_2stage,CNN,1.0,CVRTDataModule,109,,,,L0resnet50,64.0,0.01,-0.01,"['stage_3', 'stage_4']",25888908.0,0.2603515684604645,
15,1.0,0.0,105,,/gpfs/data/epavlick/mlepori/projects/Compositional_Subnetworks/Models/resnet50/Contact_Inside_Experiments/RN50_model2_T105_-0.01_2stage,CNN,1.0,CVRTDataModule,109,,,,L0resnet50,64.0,0.01,-0.01,"['stage_3', 'stage_4']",587639.0,0.9921875,0.15937654674053192
16,2.0,1.0,105,,/gpfs/data/epavlick/mlepori/projects/Compositional_Subnetworks/Models/resnet50/Contact_Inside_Experiments/RN50_model2_T105_-0.01_2stage,CNN,1.0,CVRTDataModule,105,0.9940000176429749,77.0,1.0,L0resnet50,64.0,0.0001,-0.01,"['stage_3', 'stage_4']",,,
17,2.0,0.0,105,zero,/gpfs/data/epavlick/mlepori/projects/Compositional_Subnetworks/Models/resnet50/Contact_Inside_Experiments/RN50_model2_T105_-0.01_2stage,CNN,1.0,CVRTDataModule,103,,,,L0resnet50,64.0,0.0001,-0.01,"['stage_3', 'stage_4']",24593476.0,0.2421875,
18,2.0,0.0,105,random,/gpfs/data/epavlick/mlepori/projects/Compositional_Subnetworks/Models/resnet50/Contact_Inside_Experiments/RN50_model2_T105_-0.01_2stage,CNN,1.0,CVRTDataModule,103,,,,L0resnet50,64.0,0.0001,-0.01,"['stage_3', 'stage_4']",24593476.0,0.2603515684604645,
19,2.0,0.0,105,,/gpfs/data/epavlick/mlepori/projects/Compositional_Subnetworks/Models/resnet50/Contact_Inside_Experiments/RN50_model2_T105_-0.01_2stage,CNN,1.0,CVRTDataModule,103,,,,L0resnet50,64.0,0.0001,-0.01,"['stage_3', 'stage_4']",1883069.0,0.764843761920929,0.5497848987579346
20,2.0,0.0,105,zero,/gpfs/data/epavlick/mlepori/projects/Compositional_Subnetworks/Models/resnet50/Contact_Inside_Experiments/RN50_model2_T105_-0.01_2stage,CNN,1.0,CVRTDataModule,104,,,,L0resnet50,64.0,0.0001,-0.01,"['stage_3', 'stage_4']",24593476.0,0.2421875,
21,2.0,0.0,105,random,/gpfs/data/epavlick/mlepori/projects/Compositional_Subnetworks/Models/resnet50/Contact_Inside_Experiments/RN50_model2_T105_-0.01_2stage,CNN,1.0,CVRTDataModule,104,,,,L0resnet50,64.0,0.0001,-0.01,"['stage_3', 'stage_4']",24593476.0,0.2603515684604645,
22,2.0,0.0,105,,/gpfs/data/epavlick/mlepori/projects/Compositional_Subnetworks/Models/resnet50/Contact_Inside_Experiments/RN50_model2_T105_-0.01_2stage,CNN,1.0,CVRTDataModule,104,,,,L0resnet50,64.0,0.0001,-0.01,"['stage_3', 'stage_4']",1883069.0,0.27851563692092896,2.1868181228637695
23,2.0,0.0,105,zero,/gpfs/data/epavlick/mlepori/projects/Compositional_Subnetworks/Models/resnet50/Contact_Inside_Experiments/RN50_model2_T105_-0.01_2stage,CNN,1.0,CVRTDataModule,105,,,,L0resnet50,64.0,0.0001,-0.01,"['stage_3', 'stage_4']",24593476.0,0.2421875,
24,2.0,0.0,105,random,/gpfs/data/epavlick/mlepori/projects/Compositional_Subnetworks/Models/resnet50/Contact_Inside_Experiments/RN50_model2_T105_-0.01_2stage,CNN,1.0,CVRTDataModule,105,,,,L0resnet50,64.0,0.0001,-0.01,"['stage_3', 'stage_4']",24593476.0,0.2603515684604645,
25,2.0,0.0,105,,/gpfs/data/epavlick/mlepori/projects/Compositional_Subnetworks/Models/resnet50/Contact_Inside_Experiments/RN50_model2_T105_-0.01_2stage,CNN,1.0,CVRTDataModule,105,,,,L0resnet50,64.0,0.0001,-0.01,"['stage_3', 'stage_4']",1883069.0,0.99609375,0.09813442826271057
26,2.0,0.0,105,zero,/gpfs/data/epavlick/mlepori/projects/Compositional_Subnetworks/Models/resnet50/Contact_Inside_Experiments/RN50_model2_T105_-0.01_2stage,CNN,1.0,CVRTDataModule,108,,,,L0resnet50,64.0,0.0001,-0.01,"['stage_3', 'stage_4']",24593476.0,0.2421875,
27,2.0,0.0,105,random,/gpfs/data/epavlick/mlepori/projects/Compositional_Subnetworks/Models/resnet50/Contact_Inside_Experiments/RN50_model2_T105_-0.01_2stage,CNN,1.0,CVRTDataModule,108,,,,L0resnet50,64.0,0.0001,-0.01,"['stage_3', 'stage_4']",24593476.0,0.2603515684604645,
28,2.0,0.0,105,,/gpfs/data/epavlick/mlepori/projects/Compositional_Subnetworks/Models/resnet50/Contact_Inside_Experiments/RN50_model2_T105_-0.01_2stage,CNN,1.0,CVRTDataModule,108,,,,L0resnet50,64.0,0.0001,-0.01,"['stage_3', 'stage_4']",1883069.0,0.30488282442092896,1.3905056715011597
29,2.0,0.0,105,zero,/gpfs/data/epavlick/mlepori/projects/Compositional_Subnetworks/Models/resnet50/Contact_Inside_Experiments/RN50_model2_T105_-0.01_2stage,CNN,1.0,CVRTDataModule,109,,,,L0resnet50,64.0,0.0001,-0.01,"['stage_3', 'stage_4']",24593476.0,0.2421875,
30,2.0,0.0,105,random,/gpfs/data/epavlick/mlepori/projects/Compositional_Subnetworks/Models/resnet50/Contact_Inside_Experiments/RN50_model2_T105_-0.01_2stage,CNN,1.0,CVRTDataModule,109,,,,L0resnet50,64.0,0.0001,-0.01,"['stage_3', 'stage_4']",24593476.0,0.2603515684604645,
31,2.0,0.0,105,,/gpfs/data/epavlick/mlepori/projects/Compositional_Subnetworks/Models/resnet50/Contact_Inside_Experiments/RN50_model2_T105_-0.01_2stage,CNN,1.0,CVRTDataModule,109,,,,L0resnet50,64.0,0.0001,-0.01,"['stage_3', 'stage_4']",1883069.0,1.0,0.08071371912956238
32,3.0,1.0,105,,/gpfs/data/epavlick/mlepori/projects/Compositional_Subnetworks/Models/resnet50/Contact_Inside_Experiments/RN50_model2_T105_-0.01_2stage,CNN,2.0,CVRTDataModule,105,0.984000027179718,30.0,1.0,L0resnet50,64.0,0.01,-0.01,"['stage_3', 'stage_4']",,,
33,3.0,0.0,105,zero,/gpfs/data/epavlick/mlepori/projects/Compositional_Subnetworks/Models/resnet50/Contact_Inside_Experiments/RN50_model2_T105_-0.01_2stage,CNN,2.0,CVRTDataModule,103,,,,L0resnet50,64.0,0.01,-0.01,"['stage_3', 'stage_4']",25905824.0,0.2568359375,
34,3.0,0.0,105,random,/gpfs/data/epavlick/mlepori/projects/Compositional_Subnetworks/Models/resnet50/Contact_Inside_Experiments/RN50_model2_T105_-0.01_2stage,CNN,2.0,CVRTDataModule,103,,,,L0resnet50,64.0,0.01,-0.01,"['stage_3', 'stage_4']",25905824.0,0.25273436307907104,
35,3.0,0.0,105,,/gpfs/data/epavlick/mlepori/projects/Compositional_Subnetworks/Models/resnet50/Contact_Inside_Experiments/RN50_model2_T105_-0.01_2stage,CNN,2.0,CVRTDataModule,103,,,,L0resnet50,64.0,0.01,-0.01,"['stage_3', 'stage_4']",570718.0,0.80078125,0.568376898765564
36,3.0,0.0,105,zero,/gpfs/data/epavlick/mlepori/projects/Compositional_Subnetworks/Models/resnet50/Contact_Inside_Experiments/RN50_model2_T105_-0.01_2stage,CNN,2.0,CVRTDataModule,104,,,,L0resnet50,64.0,0.01,-0.01,"['stage_3', 'stage_4']",25905824.0,0.2568359375,
37,3.0,0.0,105,random,/gpfs/data/epavlick/mlepori/projects/Compositional_Subnetworks/Models/resnet50/Contact_Inside_Experiments/RN50_model2_T105_-0.01_2stage,CNN,2.0,CVRTDataModule,104,,,,L0resnet50,64.0,0.01,-0.01,"['stage_3', 'stage_4']",25905824.0,0.25273436307907104,
38,3.0,0.0,105,,/gpfs/data/epavlick/mlepori/projects/Compositional_Subnetworks/Models/resnet50/Contact_Inside_Experiments/RN50_model2_T105_-0.01_2stage,CNN,2.0,CVRTDataModule,104,,,,L0resnet50,64.0,0.01,-0.01,"['stage_3', 'stage_4']",570718.0,0.2699218690395355,1.9730415344238281
39,3.0,0.0,105,zero,/gpfs/data/epavlick/mlepori/projects/Compositional_Subnetworks/Models/resnet50/Contact_Inside_Experiments/RN50_model2_T105_-0.01_2stage,CNN,2.0,CVRTDataModule,105,,,,L0resnet50,64.0,0.01,-0.01,"['stage_3', 'stage_4']",25905824.0,0.2568359375,
40,3.0,0.0,105,random,/gpfs/data/epavlick/mlepori/projects/Compositional_Subnetworks/Models/resnet50/Contact_Inside_Experiments/RN50_model2_T105_-0.01_2stage,CNN,2.0,CVRTDataModule,105,,,,L0resnet50,64.0,0.01,-0.01,"['stage_3', 'stage_4']",25905824.0,0.25273436307907104,
41,3.0,0.0,105,,/gpfs/data/epavlick/mlepori/projects/Compositional_Subnetworks/Models/resnet50/Contact_Inside_Experiments/RN50_model2_T105_-0.01_2stage,CNN,2.0,CVRTDataModule,105,,,,L0resnet50,64.0,0.01,-0.01,"['stage_3', 'stage_4']",570718.0,0.9853515625,0.1942300796508789
42,3.0,0.0,105,zero,/gpfs/data/epavlick/mlepori/projects/Compositional_Subnetworks/Models/resnet50/Contact_Inside_Experiments/RN50_model2_T105_-0.01_2stage,CNN,2.0,CVRTDataModule,108,,,,L0resnet50,64.0,0.01,-0.01,"['stage_3', 'stage_4']",25905824.0,0.2568359375,
43,3.0,0.0,105,random,/gpfs/data/epavlick/mlepori/projects/Compositional_Subnetworks/Models/resnet50/Contact_Inside_Experiments/RN50_model2_T105_-0.01_2stage,CNN,2.0,CVRTDataModule,108,,,,L0resnet50,64.0,0.01,-0.01,"['stage_3', 'stage_4']",25905824.0,0.25273436307907104,
44,3.0,0.0,105,,/gpfs/data/epavlick/mlepori/projects/Compositional_Subnetworks/Models/resnet50/Contact_Inside_Experiments/RN50_model2_T105_-0.01_2stage,CNN,2.0,CVRTDataModule,108,,,,L0resnet50,64.0,0.01,-0.01,"['stage_3', 'stage_4']",570718.0,0.431640625,1.362126111984253
45,3.0,0.0,105,zero,/gpfs/data/epavlick/mlepori/projects/Compositional_Subnetworks/Models/resnet50/Contact_Inside_Experiments/RN50_model2_T105_-0.01_2stage,CNN,2.0,CVRTDataModule,109,,,,L0resnet50,64.0,0.01,-0.01,"['stage_3', 'stage_4']",25905824.0,0.2568359375,
46,3.0,0.0,105,random,/gpfs/data/epavlick/mlepori/projects/Compositional_Subnetworks/Models/resnet50/Contact_Inside_Experiments/RN50_model2_T105_-0.01_2stage,CNN,2.0,CVRTDataModule,109,,,,L0resnet50,64.0,0.01,-0.01,"['stage_3', 'stage_4']",25905824.0,0.25273436307907104,
47,3.0,0.0,105,,/gpfs/data/epavlick/mlepori/projects/Compositional_Subnetworks/Models/resnet50/Contact_Inside_Experiments/RN50_model2_T105_-0.01_2stage,CNN,2.0,CVRTDataModule,109,,,,L0resnet50,64.0,0.01,-0.01,"['stage_3', 'stage_4']",570718.0,0.9970703125,0.16035757958889008
48,4.0,1.0,105,,/gpfs/data/epavlick/mlepori/projects/Compositional_Subnetworks/Models/resnet50/Contact_Inside_Experiments/RN50_model2_T105_-0.01_2stage,CNN,2.0,CVRTDataModule,105,0.9919999837875366,78.0,1.0,L0resnet50,64.0,0.0001,-0.01,"['stage_3', 'stage_4']",,,
49,4.0,0.0,105,zero,/gpfs/data/epavlick/mlepori/projects/Compositional_Subnetworks/Models/resnet50/Contact_Inside_Experiments/RN50_model2_T105_-0.01_2stage,CNN,2.0,CVRTDataModule,103,,,,L0resnet50,64.0,0.0001,-0.01,"['stage_3', 'stage_4']",24574476.0,0.2568359375,
50,4.0,0.0,105,random,/gpfs/data/epavlick/mlepori/projects/Compositional_Subnetworks/Models/resnet50/Contact_Inside_Experiments/RN50_model2_T105_-0.01_2stage,CNN,2.0,CVRTDataModule,103,,,,L0resnet50,64.0,0.0001,-0.01,"['stage_3', 'stage_4']",24574476.0,0.25273436307907104,
51,4.0,0.0,105,,/gpfs/data/epavlick/mlepori/projects/Compositional_Subnetworks/Models/resnet50/Contact_Inside_Experiments/RN50_model2_T105_-0.01_2stage,CNN,2.0,CVRTDataModule,103,,,,L0resnet50,64.0,0.0001,-0.01,"['stage_3', 'stage_4']",1902066.0,0.761914074420929,0.5582678914070129
52,4.0,0.0,105,zero,/gpfs/data/epavlick/mlepori/projects/Compositional_Subnetworks/Models/resnet50/Contact_Inside_Experiments/RN50_model2_T105_-0.01_2stage,CNN,2.0,CVRTDataModule,104,,,,L0resnet50,64.0,0.0001,-0.01,"['stage_3', 'stage_4']",24574476.0,0.2568359375,
53,4.0,0.0,105,random,/gpfs/data/epavlick/mlepori/projects/Compositional_Subnetworks/Models/resnet50/Contact_Inside_Experiments/RN50_model2_T105_-0.01_2stage,CNN,2.0,CVRTDataModule,104,,,,L0resnet50,64.0,0.0001,-0.01,"['stage_3', 'stage_4']",24574476.0,0.25273436307907104,
54,4.0,0.0,105,,/gpfs/data/epavlick/mlepori/projects/Compositional_Subnetworks/Models/resnet50/Contact_Inside_Experiments/RN50_model2_T105_-0.01_2stage,CNN,2.0,CVRTDataModule,104,,,,L0resnet50,64.0,0.0001,-0.01,"['stage_3', 'stage_4']",1902066.0,0.21953125298023224,2.1926560401916504
55,4.0,0.0,105,zero,/gpfs/data/epavlick/mlepori/projects/Compositional_Subnetworks/Models/resnet50/Contact_Inside_Experiments/RN50_model2_T105_-0.01_2stage,CNN,2.0,CVRTDataModule,105,,,,L0resnet50,64.0,0.0001,-0.01,"['stage_3', 'stage_4']",24574476.0,0.2568359375,
56,4.0,0.0,105,random,/gpfs/data/epavlick/mlepori/projects/Compositional_Subnetworks/Models/resnet50/Contact_Inside_Experiments/RN50_model2_T105_-0.01_2stage,CNN,2.0,CVRTDataModule,105,,,,L0resnet50,64.0,0.0001,-0.01,"['stage_3', 'stage_4']",24574476.0,0.25273436307907104,
57,4.0,0.0,105,,/gpfs/data/epavlick/mlepori/projects/Compositional_Subnetworks/Models/resnet50/Contact_Inside_Experiments/RN50_model2_T105_-0.01_2stage,CNN,2.0,CVRTDataModule,105,,,,L0resnet50,64.0,0.0001,-0.01,"['stage_3', 'stage_4']",1902066.0,0.9951171875,0.11573246121406555
58,4.0,0.0,105,zero,/gpfs/data/epavlick/mlepori/projects/Compositional_Subnetworks/Models/resnet50/Contact_Inside_Experiments/RN50_model2_T105_-0.01_2stage,CNN,2.0,CVRTDataModule,108,,,,L0resnet50,64.0,0.0001,-0.01,"['stage_3', 'stage_4']",24574476.0,0.2568359375,
59,4.0,0.0,105,random,/gpfs/data/epavlick/mlepori/projects/Compositional_Subnetworks/Models/resnet50/Contact_Inside_Experiments/RN50_model2_T105_-0.01_2stage,CNN,2.0,CVRTDataModule,108,,,,L0resnet50,64.0,0.0001,-0.01,"['stage_3', 'stage_4']",24574476.0,0.25273436307907104,
60,4.0,0.0,105,,/gpfs/data/epavlick/mlepori/projects/Compositional_Subnetworks/Models/resnet50/Contact_Inside_Experiments/RN50_model2_T105_-0.01_2stage,CNN,2.0,CVRTDataModule,108,,,,L0resnet50,64.0,0.0001,-0.01,"['stage_3', 'stage_4']",1902066.0,0.2998046875,1.3896074295043945
61,4.0,0.0,105,zero,/gpfs/data/epavlick/mlepori/projects/Compositional_Subnetworks/Models/resnet50/Contact_Inside_Experiments/RN50_model2_T105_-0.01_2stage,CNN,2.0,CVRTDataModule,109,,,,L0resnet50,64.0,0.0001,-0.01,"['stage_3', 'stage_4']",24574476.0,0.2568359375,
62,4.0,0.0,105,random,/gpfs/data/epavlick/mlepori/projects/Compositional_Subnetworks/Models/resnet50/Contact_Inside_Experiments/RN50_model2_T105_-0.01_2stage,CNN,2.0,CVRTDataModule,109,,,,L0resnet50,64.0,0.0001,-0.01,"['stage_3', 'stage_4']",24574476.0,0.25273436307907104,
63,4.0,0.0,105,,/gpfs/data/epavlick/mlepori/projects/Compositional_Subnetworks/Models/resnet50/Contact_Inside_Experiments/RN50_model2_T105_-0.01_2stage,CNN,2.0,CVRTDataModule,109,,,,L0resnet50,64.0,0.0001,-0.01,"['stage_3', 'stage_4']",1902066.0,1.0,0.07992074638605118
64,5.0,1.0,105,,/gpfs/data/epavlick/mlepori/projects/Compositional_Subnetworks/Models/resnet50/Contact_Inside_Experiments/RN50_model2_T105_-0.01_2stage,CNN,3.0,CVRTDataModule,105,0.9480000138282776,46.0,1.0,L0resnet50,64.0,0.01,-0.01,"['stage_3', 'stage_4']",,,
65,5.0,0.0,105,zero,/gpfs/data/epavlick/mlepori/projects/Compositional_Subnetworks/Models/resnet50/Contact_Inside_Experiments/RN50_model2_T105_-0.01_2stage,CNN,3.0,CVRTDataModule,103,,,,L0resnet50,64.0,0.01,-0.01,"['stage_3', 'stage_4']",25913118.0,0.24355468153953552,
66,5.0,0.0,105,random,/gpfs/data/epavlick/mlepori/projects/Compositional_Subnetworks/Models/resnet50/Contact_Inside_Experiments/RN50_model2_T105_-0.01_2stage,CNN,3.0,CVRTDataModule,103,,,,L0resnet50,64.0,0.01,-0.01,"['stage_3', 'stage_4']",25913118.0,0.2529296875,
67,5.0,0.0,105,,/gpfs/data/epavlick/mlepori/projects/Compositional_Subnetworks/Models/resnet50/Contact_Inside_Experiments/RN50_model2_T105_-0.01_2stage,CNN,3.0,CVRTDataModule,103,,,,L0resnet50,64.0,0.01,-0.01,"['stage_3', 'stage_4']",563425.0,0.729687511920929,0.7317036390304565
68,5.0,0.0,105,zero,/gpfs/data/epavlick/mlepori/projects/Compositional_Subnetworks/Models/resnet50/Contact_Inside_Experiments/RN50_model2_T105_-0.01_2stage,CNN,3.0,CVRTDataModule,104,,,,L0resnet50,64.0,0.01,-0.01,"['stage_3', 'stage_4']",25913118.0,0.24355468153953552,
69,5.0,0.0,105,random,/gpfs/data/epavlick/mlepori/projects/Compositional_Subnetworks/Models/resnet50/Contact_Inside_Experiments/RN50_model2_T105_-0.01_2stage,CNN,3.0,CVRTDataModule,104,,,,L0resnet50,64.0,0.01,-0.01,"['stage_3', 'stage_4']",25913118.0,0.2529296875,
70,5.0,0.0,105,,/gpfs/data/epavlick/mlepori/projects/Compositional_Subnetworks/Models/resnet50/Contact_Inside_Experiments/RN50_model2_T105_-0.01_2stage,CNN,3.0,CVRTDataModule,104,,,,L0resnet50,64.0,0.01,-0.01,"['stage_3', 'stage_4']",563425.0,0.2867187559604645,1.7678581476211548
71,5.0,0.0,105,zero,/gpfs/data/epavlick/mlepori/projects/Compositional_Subnetworks/Models/resnet50/Contact_Inside_Experiments/RN50_model2_T105_-0.01_2stage,CNN,3.0,CVRTDataModule,105,,,,L0resnet50,64.0,0.01,-0.01,"['stage_3', 'stage_4']",25913118.0,0.24355468153953552,
72,5.0,0.0,105,random,/gpfs/data/epavlick/mlepori/projects/Compositional_Subnetworks/Models/resnet50/Contact_Inside_Experiments/RN50_model2_T105_-0.01_2stage,CNN,3.0,CVRTDataModule,105,,,,L0resnet50,64.0,0.01,-0.01,"['stage_3', 'stage_4']",25913118.0,0.2529296875,
73,5.0,0.0,105,,/gpfs/data/epavlick/mlepori/projects/Compositional_Subnetworks/Models/resnet50/Contact_Inside_Experiments/RN50_model2_T105_-0.01_2stage,CNN,3.0,CVRTDataModule,105,,,,L0resnet50,64.0,0.01,-0.01,"['stage_3', 'stage_4']",563425.0,0.9535156488418579,0.4237571358680725
74,5.0,0.0,105,zero,/gpfs/data/epavlick/mlepori/projects/Compositional_Subnetworks/Models/resnet50/Contact_Inside_Experiments/RN50_model2_T105_-0.01_2stage,CNN,3.0,CVRTDataModule,108,,,,L0resnet50,64.0,0.01,-0.01,"['stage_3', 'stage_4']",25913118.0,0.24355468153953552,
75,5.0,0.0,105,random,/gpfs/data/epavlick/mlepori/projects/Compositional_Subnetworks/Models/resnet50/Contact_Inside_Experiments/RN50_model2_T105_-0.01_2stage,CNN,3.0,CVRTDataModule,108,,,,L0resnet50,64.0,0.01,-0.01,"['stage_3', 'stage_4']",25913118.0,0.2529296875,
76,5.0,0.0,105,,/gpfs/data/epavlick/mlepori/projects/Compositional_Subnetworks/Models/resnet50/Contact_Inside_Experiments/RN50_model2_T105_-0.01_2stage,CNN,3.0,CVRTDataModule,108,,,,L0resnet50,64.0,0.01,-0.01,"['stage_3', 'stage_4']",563425.0,0.24570313096046448,1.4367846250534058
77,5.0,0.0,105,zero,/gpfs/data/epavlick/mlepori/projects/Compositional_Subnetworks/Models/resnet50/Contact_Inside_Experiments/RN50_model2_T105_-0.01_2stage,CNN,3.0,CVRTDataModule,109,,,,L0resnet50,64.0,0.01,-0.01,"['stage_3', 'stage_4']",25913118.0,0.24355468153953552,
78,5.0,0.0,105,random,/gpfs/data/epavlick/mlepori/projects/Compositional_Subnetworks/Models/resnet50/Contact_Inside_Experiments/RN50_model2_T105_-0.01_2stage,CNN,3.0,CVRTDataModule,109,,,,L0resnet50,64.0,0.01,-0.01,"['stage_3', 'stage_4']",25913118.0,0.2529296875,
79,5.0,0.0,105,,/gpfs/data/epavlick/mlepori/projects/Compositional_Subnetworks/Models/resnet50/Contact_Inside_Experiments/RN50_model2_T105_-0.01_2stage,CNN,3.0,CVRTDataModule,109,,,,L0resnet50,64.0,0.01,-0.01,"['stage_3', 'stage_4']",563425.0,0.956250011920929,0.4207342863082886
80,6.0,1.0,105,,/gpfs/data/epavlick/mlepori/projects/Compositional_Subnetworks/Models/resnet50/Contact_Inside_Experiments/RN50_model2_T105_-0.01_2stage,CNN,3.0,CVRTDataModule,105,0.9919999837875366,85.0,1.0,L0resnet50,64.0,0.0001,-0.01,"['stage_3', 'stage_4']",,,
81,6.0,0.0,105,zero,/gpfs/data/epavlick/mlepori/projects/Compositional_Subnetworks/Models/resnet50/Contact_Inside_Experiments/RN50_model2_T105_-0.01_2stage,CNN,3.0,CVRTDataModule,103,,,,L0resnet50,64.0,0.0001,-0.01,"['stage_3', 'stage_4']",24600624.0,0.24355468153953552,
82,6.0,0.0,105,random,/gpfs/data/epavlick/mlepori/projects/Compositional_Subnetworks/Models/resnet50/Contact_Inside_Experiments/RN50_model2_T105_-0.01_2stage,CNN,3.0,CVRTDataModule,103,,,,L0resnet50,64.0,0.0001,-0.01,"['stage_3', 'stage_4']",24600624.0,0.2529296875,
83,6.0,0.0,105,,/gpfs/data/epavlick/mlepori/projects/Compositional_Subnetworks/Models/resnet50/Contact_Inside_Experiments/RN50_model2_T105_-0.01_2stage,CNN,3.0,CVRTDataModule,103,,,,L0resnet50,64.0,0.0001,-0.01,"['stage_3', 'stage_4']",1875920.0,0.7744140625,0.5590797662734985
84,6.0,0.0,105,zero,/gpfs/data/epavlick/mlepori/projects/Compositional_Subnetworks/Models/resnet50/Contact_Inside_Experiments/RN50_model2_T105_-0.01_2stage,CNN,3.0,CVRTDataModule,104,,,,L0resnet50,64.0,0.0001,-0.01,"['stage_3', 'stage_4']",24600624.0,0.24355468153953552,
85,6.0,0.0,105,random,/gpfs/data/epavlick/mlepori/projects/Compositional_Subnetworks/Models/resnet50/Contact_Inside_Experiments/RN50_model2_T105_-0.01_2stage,CNN,3.0,CVRTDataModule,104,,,,L0resnet50,64.0,0.0001,-0.01,"['stage_3', 'stage_4']",24600624.0,0.2529296875,
86,6.0,0.0,105,,/gpfs/data/epavlick/mlepori/projects/Compositional_Subnetworks/Models/resnet50/Contact_Inside_Experiments/RN50_model2_T105_-0.01_2stage,CNN,3.0,CVRTDataModule,104,,,,L0resnet50,64.0,0.0001,-0.01,"['stage_3', 'stage_4']",1875920.0,0.25957030057907104,2.1821694374084473
87,6.0,0.0,105,zero,/gpfs/data/epavlick/mlepori/projects/Compositional_Subnetworks/Models/resnet50/Contact_Inside_Experiments/RN50_model2_T105_-0.01_2stage,CNN,3.0,CVRTDataModule,105,,,,L0resnet50,64.0,0.0001,-0.01,"['stage_3', 'stage_4']",24600624.0,0.24355468153953552,
88,6.0,0.0,105,random,/gpfs/data/epavlick/mlepori/projects/Compositional_Subnetworks/Models/resnet50/Contact_Inside_Experiments/RN50_model2_T105_-0.01_2stage,CNN,3.0,CVRTDataModule,105,,,,L0resnet50,64.0,0.0001,-0.01,"['stage_3', 'stage_4']",24600624.0,0.2529296875,
89,6.0,0.0,105,,/gpfs/data/epavlick/mlepori/projects/Compositional_Subnetworks/Models/resnet50/Contact_Inside_Experiments/RN50_model2_T105_-0.01_2stage,CNN,3.0,CVRTDataModule,105,,,,L0resnet50,64.0,0.0001,-0.01,"['stage_3', 'stage_4']",1875920.0,0.9945312738418579,0.1135307103395462
90,6.0,0.0,105,zero,/gpfs/data/epavlick/mlepori/projects/Compositional_Subnetworks/Models/resnet50/Contact_Inside_Experiments/RN50_model2_T105_-0.01_2stage,CNN,3.0,CVRTDataModule,108,,,,L0resnet50,64.0,0.0001,-0.01,"['stage_3', 'stage_4']",24600624.0,0.24355468153953552,
91,6.0,0.0,105,random,/gpfs/data/epavlick/mlepori/projects/Compositional_Subnetworks/Models/resnet50/Contact_Inside_Experiments/RN50_model2_T105_-0.01_2stage,CNN,3.0,CVRTDataModule,108,,,,L0resnet50,64.0,0.0001,-0.01,"['stage_3', 'stage_4']",24600624.0,0.2529296875,
92,6.0,0.0,105,,/gpfs/data/epavlick/mlepori/projects/Compositional_Subnetworks/Models/resnet50/Contact_Inside_Experiments/RN50_model2_T105_-0.01_2stage,CNN,3.0,CVRTDataModule,108,,,,L0resnet50,64.0,0.0001,-0.01,"['stage_3', 'stage_4']",1875920.0,0.3140625059604645,1.3892147541046143
93,6.0,0.0,105,zero,/gpfs/data/epavlick/mlepori/projects/Compositional_Subnetworks/Models/resnet50/Contact_Inside_Experiments/RN50_model2_T105_-0.01_2stage,CNN,3.0,CVRTDataModule,109,,,,L0resnet50,64.0,0.0001,-0.01,"['stage_3', 'stage_4']",24600624.0,0.24355468153953552,
94,6.0,0.0,105,random,/gpfs/data/epavlick/mlepori/projects/Compositional_Subnetworks/Models/resnet50/Contact_Inside_Experiments/RN50_model2_T105_-0.01_2stage,CNN,3.0,CVRTDataModule,109,,,,L0resnet50,64.0,0.0001,-0.01,"['stage_3', 'stage_4']",24600624.0,0.2529296875,
95,6.0,0.0,105,,/gpfs/data/epavlick/mlepori/projects/Compositional_Subnetworks/Models/resnet50/Contact_Inside_Experiments/RN50_model2_T105_-0.01_2stage,CNN,3.0,CVRTDataModule,109,,,,L0resnet50,64.0,0.0001,-0.01,"['stage_3', 'stage_4']",1875920.0,1.0,0.07674651592969894
